Sum = 4238
            Basel     Bayern    Chelsea   Juventus  Servilla  Donetsk   Porto     RealMadrid

ManUnited   0.000000  0.148419  0.000000  0.183341  0.183341  0.153138  0.148419  0.183341  

ParisSG     0.113025  0.000000  0.281265  0.128126  0.128126  0.113025  0.108306  0.128126  

ASRoma      0.158329  0.153138  0.000000  0.000000  0.188532  0.158329  0.153138  0.188532  

Barcelona   0.145824  0.135441  0.437471  0.000000  0.000000  0.145824  0.135441  0.000000  

Liverpool   0.158329  0.153138  0.000000  0.188532  0.000000  0.158329  0.153138  0.188532  

ManCity     0.153138  0.148419  0.000000  0.183341  0.183341  0.000000  0.148419  0.183341  

Besiktas    0.113025  0.108306  0.281265  0.128126  0.128126  0.113025  0.000000  0.128126  

Tottenham   0.158329  0.153138  0.000000  0.188532  0.188532  0.158329  0.153138  0.000000  
